-1.292743321261518252e+00
-1.794394453899077202e-01
3.839384327689803755e-01
4.157467354438291740e-01
4.009389553287492913e-02
-1.361258357196347968e-01
-1.624171776616399887e-01
-1.390834403941554331e-01
-1.086857225980552288e-01
5.052375934145032499e-01
-2.096223908373599232e-01
-6.889118000769625660e-02
6.538990657543243545e-02
5.498995184193906927e-02
2.729360610327143458e-02
9.806314856047007589e-03
6.596854638958389756e-04
-1.294474484018394156e-01
1.177950837116256144e-01
8.088143136601652627e-02
6.625597677337294322e-03
-4.215845273113324326e-02
-6.155663950771075865e-02
-6.106933886241445314e-02
-5.025739230717219536e-02
1.008353327178401981e+00
7.381894492841564182e-01
4.495789994241149445e-01
1.627398443190836708e-01
-1.044550625593777954e-01
-3.373965652887513378e-01
-5.254652138408449913e-01
-6.624662243091590241e-01
-2.746624176397490791e-01
-5.543371275446627999e-01
-6.787798508315806556e-02
2.243879664997410484e-01
2.417381415022344104e-01
1.518422100305598099e-01
4.245274582493520354e-02
-5.780498951253806167e-02
2.610590929364762780e-01
1.254165781022143489e-01
1.214847458424895138e-01
1.444125258122898846e-02
-1.689374640220546453e-02
-2.897076451580856207e-02
-1.422346635261025061e-01
-3.301327247179449559e-02
3.303665899173900966e-01
-3.678907134758275382e-02
-5.878080571819105371e-02
-1.114591835386912269e-02
1.569018300139388145e-02
1.503149354662293262e-02
-1.487772189752625124e-04
-1.845560504699078966e-02
7.973180422498186981e-02
1.742559175417392539e-02
-2.400226065186008076e-02
-3.001660022733226504e-02
-1.547914027302384372e-02
4.869687272750366711e-03
2.388729733304641861e-02
3.896691527281536532e-02
7.464950538738127639e-01
2.299047926003698616e-01
-4.342232587215665712e-02
-1.591036678258420933e-01
-1.837005686608359778e-01
-1.600930161600366552e-01
-1.143623415651283948e-01
-6.182323411239924738e-02
-3.132097388140891447e-01
-3.793778474462841666e-01
7.242668027622919946e-02
1.143653508505320382e-01
5.058031561481468596e-02
1.178739613843151311e-02
-4.787871198849527957e-03
-1.077149565981088200e-02
3.918409642236859169e-01
1.248355443522432551e-01
-3.491268282955491825e-02
-3.724951171702377273e-02
-4.011223335949869011e-03
1.318754539960741851e-02
1.548211132276451803e-02
1.139040232863851483e-02
7.649199608319176003e-01
4.992750359358324452e-01
2.244646494293016104e-01
-3.842620793832297876e-02
-2.711221508062366392e-01
-4.592970940138592639e-01
-5.934130814099103368e-01
-6.691979662086430247e-01
-4.493768179864034984e-01
6.749663383826121077e-02
6.140047169323571696e-02
-3.173903254632054471e-02
-3.916786846211856715e-02
-1.527644414671253809e-02
1.045858624437447960e-02
3.116305068603799494e-02
-2.993043691560751673e-01
3.636801489728648529e-02
-6.033719670787261562e-03
-6.041802228368022172e-03
-2.923382450194157971e-03
1.331431519887092858e-02
-2.710345911740202896e-02
1.914905739968580586e-02
-2.307744318978109388e-01
-1.598121334156731299e-01
-8.978672070377884118e-02
-2.710092524604864120e-02
2.372863120008663826e-02
6.052025762603482212e-02
8.331179436403270133e-02
9.376090994428175340e-02
-1.351727647549346989e-01
-1.711353779923724672e-01
-1.252773720796497847e-01
-6.926930248878758467e-02
-2.332525845182705990e-02
9.952049243954210270e-03
3.286791971416439667e-02
4.831694237822813098e-02
3.632644295599603557e-01
-1.458816959444777205e-02
-8.868882240084252633e-02
-4.858552272188551568e-02
-4.087333162371861034e-03
1.838196443574707448e-02
2.251516457245074376e-02
1.690492903117717105e-02
8.909211020851091900e-02
8.983632185768471168e-02
4.386134116343159972e-02
1.479540046463629667e-02
-4.290477541423925231e-04
-7.533167787744889619e-03
-1.009406438242128543e-02
-1.009694246462710179e-02
1.102614559829140778e-01
3.306898577891461688e-01
2.543835933907298563e-02
4.113653673627280793e-03
3.280185262236347352e-03
3.422854388978455696e-03
3.508005989069419919e-03
3.541150439142513005e-03
3.111202629674720277e-01
-2.929717615709491740e-01
-1.682248905709594899e-01
6.394190106635672111e-02
9.570776110117792945e-02
2.970306311990093817e-02
-3.337156595631782935e-02
-7.387089136434280001e-02
-3.753226695523954187e-02
-4.773266108079737835e-02
3.229863550829421923e-03
2.251119762915661411e-03
3.547271952317760952e-03
4.557599112153407073e-02
-1.299303217093392485e-02
-1.374840637148421439e-02
-1.639158437389492615e-02
2.316704723383057329e-01
1.090148032198247352e-02
-1.760820780348349920e-02
1.167398264414504748e-02
-7.227570554475221121e-02
-4.587169836793327654e-03
-2.246632164694930059e-02
4.068435300546484855e-03
-2.207196962849611310e-01
-4.366929693915236332e-03
-7.866898562004918938e-02
-2.225360385397032875e-03
-1.316590954925124946e-03
-2.218890257247588954e-03
3.796419303663318978e-02
-9.106619731214085633e-03
-1.648197170130129285e-01
6.135496925508917600e-04
-1.257425570751383725e-01
7.983678021074188530e-03
-3.157950074126353313e-02
-3.780295974296690991e-03
3.633157715561948636e-02
1.150717617848769645e-03
3.564127980175264832e-02
8.020289842824405643e-03
-2.815355225923552376e-02
-3.304427743403314660e-02
2.462890965933223208e-02
-5.035886043002922585e-02
3.380555862725912603e-02
2.989496592624720228e-01
-9.159146036672731472e-02
-5.880911207149464026e-02
1.683405390458710821e-02
3.040031250875386767e-02
2.168256520156922398e-02
1.251229983643742383e-02
6.987373573240945011e-03
-5.325019681714802076e-03
-7.383232974043831692e-03
-7.615138295332822896e-03
3.159548003867068688e-02
2.367750302406138388e-03
7.162666657483045263e-03
-9.214328682136185139e-03
-4.618304920425062715e-03
-8.682781392526126713e-03
1.746263315028251384e-02
-4.549023379822752372e-03
-5.686402995396109411e-02
1.417549709217547083e-02
-6.212604827995154254e-03
1.516786618175634642e-02
-4.189187332663586380e-03
3.293372248991635609e-01
3.590933616447537086e-02
-2.027904600264676116e-01
-3.363632943079048476e-01
-3.624586567263445858e-01
-2.953009281031876432e-01
-1.569018471084240030e-01
2.637861649582836157e-02
1.346583376260287622e-03
-7.411540368631151787e-02
-4.982639590899214620e-03
4.903011207222299217e-02
-1.619958784677772226e-02
4.786796675576999310e-02
1.308162400165184015e-02
1.557561291776655109e-02
6.697492737513831458e-03
1.865411374387631813e-02
1.463535702253091148e-03
1.270594334287783629e-02
-1.916996631750572016e-03
-4.434350182867533713e-03
-7.857954484297628370e-03
-1.989620012584710287e-02
